            1            2            3            8            4            5            6            7
       207423       210927       189108        93355        27585        27640        27305        14016
      190.995      190.995      392.329      202.683      390.511      390.511      390.511      200.726
     0.823108     0.819887       0.8576     0.857428     0.980617     0.980597     0.980341     0.980136
     0.969411     0.969795     0.972378     0.972068     0.974671     0.974478     0.974094     0.975003
            0            0            0            0            0            0            0            0
            0            0            0            0            0            0            0            0
            0            0            0            0            0            0            0            0
            0            0            0            0            0            0            0            0
            0            0            0            0            0            0            0            0
            0            0            0            0            0            0            0            0
            0            0            0            0            0            0            0            0
            0            0            0            0            0            0            0            0
      479.515      479.515      301.091      301.091      69.9293      69.9293      69.9293      69.9293
      79.7983      79.7983      65.4349      65.4349         17.9         17.9         17.9         17.9
   0.00114621   0.00114621   0.00106595   0.00106595  0.000724311  0.000724311  0.000724311  0.000724311
     0.981572     0.970801     0.975782     0.976771     0.985104      1.01311     0.960158     0.973529
      1.57598      1.57598     0.606916     0.606916    0.0533347    0.0533347    0.0533347    0.0533347
     0.262266     0.262266     0.131899     0.131899    0.0136523    0.0136523    0.0136523    0.0136523
            0            0            0            0            0            0            0            0
            0            0            0            0            0            0            0            0
            0            0            0            0            0            0            0            0
            0            0            0            0            0            0            0            0
            0            0            0            0            0            0            0            0
       102747       103901        93395        46129        13689        13910        13375         6914
       104676       107026        95713        47226        13896        13730        13930         7102
      190.995      190.995      392.329      392.329      390.511      390.511      390.511      390.511
            0            0            0            0            0            0            0            0
     0.823108     0.819887       0.8576      0.44296     0.980617     0.980597     0.980341     0.503797
            0            0            0            0            0            0            0            0
     0.969411     0.969795     0.972378     0.972068     0.974671     0.974478     0.974094     0.975003
            0            0            0            0            0            0            0            0
            0            0            0            0            0            0            0            0
            0            0            0            0            0            0            0            0
            0            0            0            0            0            0            0            0
            0            0            0            0            0            0            0            0
            0            0            0            0            0            0            0            0
            0            0            0            0            0            0            0            0
            0            0            0            0            0            0            0            0
            0            0            0            0            0            0            0            0
            0            0            0            0            0            0            0            0
            0            0            0            0            0            0            0            0
            0            0            0            0            0            0            0            0
            0            0            0            0            0            0            0            0
      522.306      522.306      333.061      333.061      64.9365      64.9365      64.9365      64.9365
      90.8511      90.8511      71.3919      71.3919      5.63374      5.63374      5.63374      5.63374
    0.0367591    0.0367591    0.0273112    0.0273112     0.170365     0.170365     0.170365     0.170365
   0.00124849   0.00124849   0.00117913   0.00117913  0.000672596  0.000672596  0.000672596  0.000672596
            0            0            0            0            0            0            0            0
     0.823108     0.819887    0.0273112    0.0273112       0.8576      0.44296     0.170365     0.170365
     0.980617     0.980597     0.671359     0.671359     0.823108     0.819887    0.0495268    0.0495268
       0.8576     0.857428     0.143906     0.143906     0.980617     0.980597     0.980341     0.980136
      190.995      190.995    0.0273113    0.0273113      392.329      392.329     0.170365     0.170365
