====NoRpc====            1            2            3            8            4            5            6            7
       ibdNum       207423       210927       189108        93355        27585        27640        27305        14016
      daqTime      190.995      190.995      392.329      202.683      390.511      390.511      390.511      200.726
      epsi_mu     0.823108     0.819887       0.8576     0.857428     0.980617     0.980597     0.980341     0.980136
   epsi_multi     0.969411     0.969795     0.972378     0.972068     0.974671     0.974478     0.974094     0.975003
       accNum            0            0            0            0            0            0            0            0
           +-            0            0            0            0            0            0            0            0
      accRate            0            0            0            0            0            0            0            0
           +-            0            0            0            0            0            0            0            0
   accNum_600            0            0            0            0            0            0            0            0
           +-            0            0            0            0            0            0            0            0
  accRate_600            0            0            0            0            0            0            0            0
           +-            0            0            0            0            0            0            0            0
        fnNum      484.648      484.648      269.522      269.522       69.455       69.455       69.455       69.455
           +-      62.7279      62.7279      104.677      104.677      11.2508      11.2508      11.2508      11.2508
         fnBs   0.00115848   0.00115848  0.000954186  0.000954186  0.000719398  0.000719398  0.000719398  0.000719398
          U/L     0.981572     0.970801     0.975782     0.976771     0.985104      1.01311     0.960158     0.973529
       fnRate      1.59285      1.59285     0.543283     0.543283     0.052973     0.052973     0.052973     0.052973
           +-     0.206162     0.206162        0.211        0.211   0.00858093   0.00858093   0.00858093   0.00858093
        LiNum            0            0            0            0            0            0            0            0
           +-            0            0            0            0            0            0            0            0
       LiRate            0            0            0            0            0            0            0            0
           +-            0            0            0            0            0            0            0            0
===WithRpc===            0            0            0            0            0            0            0            0
     UpperNum       102747       103901        93395        46129        13689        13910        13375         6914
     LowerNum       104676       107026        95713        47226        13896        13730        13930         7102
      daqTime      190.995      190.995      392.329      392.329      390.511      390.511      390.511      390.511
          (-)            0            0            0            0            0            0            0            0
      epsi_mu     0.823108     0.819887       0.8576      0.44296     0.980617     0.980597     0.980341     0.503797
          (-)            0            0            0            0            0            0            0            0
   epsi_multi     0.969411     0.969795     0.972378     0.972068     0.974671     0.974478     0.974094     0.975003
          (-)            0            0            0            0            0            0            0            0
       accNum            0            0            0            0            0            0            0            0
           +-            0            0            0            0            0            0            0            0
          (-)            0            0            0            0            0            0            0            0
      accRate            0            0            0            0            0            0            0            0
           +-            0            0            0            0            0            0            0            0
          (-)            0            0            0            0            0            0            0            0
   accNum_600            0            0            0            0            0            0            0            0
           +-            0            0            0            0            0            0            0            0
          (-)            0            0            0            0            0            0            0            0
  accRate_600            0            0            0            0            0            0            0            0
           +-            0            0            0            0            0            0            0            0
          (-)            0            0            0            0            0            0            0            0
        fnNum      520.287      520.287      344.904      344.904      60.9285      60.9285      60.9285      60.9285
           +-      36.8417      36.8417      48.5463      48.5463      16.4321      16.4321      16.4321      16.4321
          (-)    0.0220765    0.0220765   0.00642877   0.00642877    -0.095505    -0.095505    -0.095505    -0.095505
         fnBs   0.00124366   0.00124366   0.00122106   0.00122106  0.000631082  0.000631082  0.000631082  0.000631082
           +-            0            0            0            0            0            0            0            0
          (-)     0.823108     0.819887   0.00642877   0.00642877       0.8576      0.44296    -0.095505    -0.095505
       fnRate     0.980617     0.980597     0.695232     0.695232     0.823108     0.819887    0.0464699    0.0464699
           +-       0.8576     0.857428     0.097856     0.097856     0.980617     0.980597     0.980341     0.980136
          (-)      190.995      190.995   0.00642882   0.00642882      392.329      392.329   -0.0955047   -0.0955047
